32 116 257
104 101 258
32 97 259
32 115 260
32 119 261
110 100 262
257 258 263
101 100 264
32 98 265
257 111 266
259 262 267
32 104 268
32 102 269
32 84 270
105 110 271
261 97 272
114 101 273
105 116 274
111 117 275
32 108 276
32 100 277
32 99 278
32 112 279
97 121 280
32 109 281
101 114 282
272 115 283
270 258 284
111 109 285
32 258 286
105 115 287
32 110 288
105 109 289
97 114 290
111 110 291
260 97 292
108 108 293
105 100 294
268 97 295
32 103 296
97 116 297
32 83 298
271 103 299
111 116 300
101 110 301
97 110 302
108 101 303
111 114 304
101 262 305
105 114 306
111 102 307
97 109 308
101 116 309
32 72 310
32 274 311
257 104 312
105 103 313
284 121 314
279 108 315
32 271 316
105 108 317
310 101 318
32 34 319
111 119 320
118 282 321
114 105 322
32 117 323
117 116 324
315 280 325
274 104 326
292 294 327
265 101 328
277 280 329
261 326 330
112 112 331
79 110 332
32 121 333
107 264 334
111 111 335
32 114 336
286 114 337
101 120 338
99 101 339
108 100 340
268 287 341
270 289 342
32 73 343
298 258 344
260 116 345
107 101 346
265 313 347
110 116 348
99 107 349
321 121 350
333 275 351
115 116 352
118 101 353
117 110 354
295 331 355
32 291 356
97 293 357
322 305 358
269 358 359
338 116 360
263 121 361
307 116 362
32 76 363
317 121 364
261 101 365
295 100 366
323 112 367
276 105 368
288 300 369
258 114 370
272 348 371
274 116 372
32 307 373
124 62 374
362 360 375
305 375 376
60 124 377
97 100 378
277 111 379
32 66 380
32 101 381
115 101 382
355 121 383
301 116 384
32 350 385
32 77 386
101 115 387
292 119 388
332 101 389
312 297 390
275 340 391
39 115 392
269 304 393
372 303 394
281 285 395
276 394 396
260 104 397
260 258 398
289 101 399
99 104 400
288 308 401
257 399 402
32 107 403
260 111 404
275 262 405
46 34 406
263 273 407
401 264 408
265 111 409
260 109 410
365 273 411
371 264 412
363 364 413
288 101 414
359 115 415
275 116 416
306 100 417
265 324 418
118 264 419
104 116 420
33 34 421
84 258 422
270 285 423
265 417 424
101 108 425
97 346 426
259 110 427
97 108 428
266 111 429
285 101 430
261 384 431
261 104 432
294 101 433
332 339 434
259 293 435
343 116 436
286 108 437
117 103 438
117 101 439
437 112 440
32 287 441
276 335 442
32 65 443
367 291 444
276 111 445
116 282 446
114 121 447
266 121 448
111 273 449
269 354 450
105 262 451
103 309 452
105 293 453
308 101 454
259 115 455
32 106 456
114 97 457
259 116 458
452 370 459
32 111 460
278 297 461
277 294 462
32 273 463
117 114 464
266 459 465
97 349 466
260 101 467
108 121 468
257 273 469
335 100 470
379 103 471
105 99 472
278 391 473
116 264 474
278 302 475
265 357 476
290 100 477
296 306 478
263 306 479
290 107 480
478 108 481
325 264 482
101 99 483
109 121 484
268 289 485
336 111 486
296 111 487
119 280 488
63 34 489
258 100 490
97 271 491
403 110 492
276 101 493
32 416 494
258 110 495
259 273 496
269 114 497
117 109 498
39 116 499
263 109 500
409 121 501
292 100 502
117 108 503
97 120 504
469 101 505
300 370 506
275 103 507
281 302 508
445 419 509
295 353 510
278 108 511
269 405 512
442 334 513
260 112 514
298 439 515
345 290 516
260 99 517
291 101 518
265 466 519
320 110 520
104 299 521
97 273 522
386 504 523
368 346 524
328 99 525
115 433 526
102 503 527
281 101 528
111 112 529
291 103 530
279 480 531
261 391 532
313 420 533
368 334 534
114 405 535
32 389 536
425 116 537
269 97 538
281 426 539
278 290 540
101 293 541
380 324 542
269 537 543
276 97 544
32 87 545
455 334 546
298 308 547
89 275 548
290 264 549
285 309 550
105 339 551
278 454 552
516 474 553
414 119 554
97 103 555
467 101 556
288 111 557
507 420 558
275 382 559
380 301 560
259 108 561
317 264 562
259 103 563
32 506 564
296 470 565
112 300 566
260 550 567
410 357 568
265 114 569
111 98 570
115 115 571
410 562 572
378 101 573
322 264 574
299 115 575
260 280 576
269 451 577
261 304 578
259 488 579
497 285 580
312 558 581
281 573 582
298 566 583
432 297 584
32 338 585
268 430 586
325 299 587
301 264 588
567 521 589
116 121 590
279 324 591
381 350 592
272 108 593
278 111 594
97 400 595
281 117 596
105 97 597
117 99 598
335 107 599
105 101 600
110 121 601
32 70 602
563 491 603
336 302 604
277 520 605
105 303 606
100 100 607
290 110 608
448 115 609
97 353 610
279 114 611
107 299 612
517 549 613
260 430 614
429 107 615
544 438 616
32 74 617
268 559 618
269 108 619
105 102 620
97 98 621
259 535 622
409 120 623
260 119 624
117 273 625
105 349 626
493 608 627
101 112 628
273 116 629
287 104 630
275 100 631
117 349 632
351 114 633
368 419 634
32 548 635
312 575 636
260 354 637
263 110 638
261 453 639
101 119 640
265 108 641
281 121 642
97 115 643
261 495 644
259 98 645
331 264 646
44 34 647
117 115 648
296 309 649
302 107 650
84 289 651
84 104 652
278 104 653
276 300 654
598 121 655
300 104 656
97 112 657
498 112 658
386 597 659
432 111 660
257 574 661
287 116 662
269 101 663
492 320 664
296 300 665
274 264 666
117 352 667
508 121 668
645 416 669
576 115 670
316 116 671
357 121 672
262 282 673
336 264 674
492 640 675
279 629 676
105 353 677
277 483 678
76 364 679
287 101 680
275 115 681
427 121 682
97 117 683
32 68 684
97 339 685
278 522 686
281 449 687
279 472 688
113 117 689
328 352 690
683 382 691
460 112 692
102 446 693
525 454 694
363 655 695
279 111 696
272 446 697
488 115 698
226 128 699
102 101 700
268 438 701
627 264 702
380 570 703
585 99 704
525 691 705
274 101 706
561 698 707
442 107 708
32 118 709
494 526 710
671 111 711
486 285 712
265 656 713
323 110 714
294 264 715
397 320 716
616 490 717
298 111 718
381 297 719
678 715 720
443 262 721
268 111 722
296 273 723
464 112 724
117 607 725
302 116 726
279 101 727
282 115 728
32 69 729
386 285 730
456 658 731
110 110 732
276 530 733
356 101 734
32 346 735
312 287 736
336 354 737
288 551 738
89 387 739
704 666 740
538 352 741
422 121 742
84 285 743
663 425 744
277 378 745
266 340 746
281 111 747
260 107 748
316 526 749
275 114 750
259 109 751
257 114 752
260 108 753
117 293 754
303 119 755
260 304 756
257 426 757
724 114 758
486 349 759
271 121 760
676 590 761
732 97 762
260 758 763
296 610 764
381 595 765
296 457 766
289 428 767
271 107 768
427 767 769
596 400 770
268 320 771
87 104 772
345 114 773
460 340 774
414 264 775
66 324 776
312 302 777
276 309 778
118 301 779
290 97 780
114 111 781
103 264 782
266 119 783
387 115 784
323 673 785
32 67 786
756 447 787
32 304 788
593 334 789
278 303 790
97 262 791
257 97 792
295 262 793
103 101 794
287 264 795
111 103 796
269 630 797
464 110 798
257 101 799
464 116 800
403 451 801
102 102 802
511 111 803
310 287 804
272 116 805
118 299 806
268 313 807
769 115 808
97 382 809
443 484 810
456 667 811
323 115 812
355 588 813
99 490 814
269 470 815
112 108 816
748 121 817
619 320 818
258 273 819
260 110 820
114 285 821
257 447 822
276 662 823
32 433 824
545 101 825
414 290 826
103 447 827
462 110 828
824 97 829
265 309 830
32 301 831
621 303 832
297 101 833
271 101 834
269 105 835
269 755 836
483 105 837
311 115 838
273 308 839
652 650 840
686 527 841
397 522 842
278 426 843
286 477 844
830 446 845
257 119 846
345 304 847
32 620 848
837 428 849
514 849 850
277 302 851
112 483 852
98 282 853
105 291 854
270 104 855
328 290 856
654 115 857
261 451 858
108 102 859
109 449 860
682 860 861
725 301 862
790 302 863
414 321 864
269 111 865
277 291 866
77 285 867
296 114 868
265 438 869
257 428 870
529 303 871
278 285 872
268 477 873
265 117 874
32 305 875
284 110 876
265 121 877
269 468 878
862 468 879
281 555 880
304 116 881
257 798 882
269 449 883
460 321 884
443 762 885
729 350 886
381 779 887
114 109 888
445 353 889
10 10 890
594 108 891
292 700 892
727 871 893
259 693 894
265 378 895
378 121 896
807 104 897
269 308 898
296 535 899
97 107 900
379 304 901
289 98 902
278 430 903
98 98 904
397 760 905
611 631 906
65 115 907
692 588 908
511 902 909
117 802 910
268 800 911
688 334 912
641 439 913
276 631 914
852 474 915
76 309 916
278 258 917
296 677 918
272 121 919
763 795 920
296 108 921
39 109 922
338 915 923
714 923 924
317 100 925
777 334 926
278 117 927
265 599 928
498 484 929
545 495 930
602 821 931
278 357 932
891 304 933
310 282 934
269 290 935
477 301 936
296 936 937
880 472 938
381 321 939
32 75 940
279 290 941
507 104 942
107 280 943
32 289 944
701 782 945
345 453 946
315 685 947
78 111 948
323 348 949
335 108 950
373 102 951
298 780 952
555 101 953
281 97 954
410 606 955
593 107 956
32 80 957
731 264 958
898 364 959
343 110 960
949 317 961
354 601 962
105 122 963
116 625 964
258 115 965
279 97 966
101 109 967
397 391 968
32 689 969
288 320 970
105 112 971
403 294 972
99 116 973
345 626 974
372 121 975
345 280 976
773 530 977
883 352 978
345 111 979
302 101 980
277 457 981
97 324 982
259 331 983
910 121 984
100 121 985
569 111 986
409 297 987
723 297 988
260 689 989
265 457 990
328 982 991
257 457 992
288 360 993
456 111 994
440 264 995
298 672 996
303 809 997
295 116 998
303 115 999
